 9.52234 0.227239
 11.7765 0.572399
 8.3429 3.47627
 11.067 1.98344
 9.25288 1.9322
 7.17169 1.16849
 10.8592 0.570986
 8.00664 1.50413
 9.89441 2.0492
 8.42293 3.03129
 10.8289 1.99668
 9.47279 1.95434
 9.50621 3.03411
 7.65629 3.26178
 8.6721 1.29448
 8.62315 1.25924
 9.70938 2.4985
 10.248 2.31747
 10.8302 2.14474
 10.6415 1.15311
 9.48377 0.977459
 8.77288 0.219258
 8.29162 3.02158
 8.35548 0.35774
 7.39498 3.79473
 8.49122 2.5115
 9.37227 2.6801
 9.9031 2.31175
 11.2713 0.804782
 11.8068 3.27019
 10.8415 1.96737
 10.3636 2.1483
 7.5038 1.67369
 11.6371 2.97933
 9.54693 2.67201
 10.0618 0.842921
 8.90021 0.782719
 11.7675 0.836111
 8.59542 0.537106
 10.6242 1.64415
 9.81951 1.50574
 8.13231 0.0872195
 8.54456 2.98428
 11.2222 1.24743
 10.8638 2.0276
 8.55941 2.33351
 9.47634 2.76271
 9.7937 0.803229
 11.5429 0.234611
 9.56435 0.164852
 9.67412 2.62355
 9.4741 2.24422
 8.29467 1.31562
 10.3364 2.99787
 7.89726 1.92322
 7.6597 2.48691
 10.2165 1.59104
 10.3826 2.9428
 9.2802 0.9942
 7.98558 1.74709
 7.29575 0.760658
 9.48281 1.93251
 8.26808 1.7943
 8.15952 0.675453
 10.6874 1.72233
 7.6833 0.0666032
 9.24987 2.87145
 10.4003 0.528473
 7.03247 1.83107
 9.35982 2.06787
 8.47523 0.933063
 7.95238 0.383102
 8.10076 2.29699
 9.54483 0.831871
 8.85 2.46924
 10.9072 0.758497
 10.8924 0.745041
 8.86446 0.233511
 7.86914 2.14837
 7.31798 1.26066
 8.31728 2.19298
 7.38114 2.88995
 9.43344 1.5583
 8.78702 0.947019
